[158460  59521  21509  33596  13363  22016  17353   7285  12583   5524
   9411   8095   3481   6392   2893   5199   4455   2067   3687   1640
   2931   2410   1010   1846    868   1659    995    420    642    200
    337    238     90    145     44     69     64     16     17     11
     14     16      3     13      1      3      4      7      4      0
      2      4      2      0      1      3      2      1      0      0
      0      0      0      1      0      0      1      0      0      0
      0      1      0      0      0      1      3      0      0      1]
[216960  81517  35601  28551  13436  11920   5938   5956   3141   3267
   1902   1549   1572    612    248    208     69     76     33     18
     11     10     10      7      4      3      2      0      0      0
      0      2      0      1      0      0      0      0      1      0
      0      1      0      0      0      0      0      0      1      1
      0      0      0      0      0      0      0      0      0      0
      0      0      0      0      1      0      0      0      0      0
      0      0      0      0      0      0      0      0      0      1]
[244921  53284  31757  21221  17746  10740   8153   6241   5497   3464
   2553   1807   1329   1075    663    460    348    290    187    201
    151    120    102     74     70     61     48     24     17      9
      5      3      2      0      1      0      1      0      0      0
      0      0      0      0      1      1      0      0      1      0
      0      0      0      0      0      0      0      0      0      0
      0      0      0      1      0      0      0      0      0      0
      0      0      0      0      0      0      0      0      0      1]
[181440  50238  37431  29664  23934  19674  16425  13725  11869  10580
   9216   8314   7158   6277   5680   4844   4108   3423   2720   2448
   1729   1283    934    583    428    321    199    140     98     80
     53     29     28     20      8     17      3      4      3      5
      4      4      2      1      1      3      6      1      0      0
      0      0      0      0      0      0      0      0      0      0
      0      0      0      3      0      0      0      0      0      0
      0      0      0      0      0      0      0      1      0      1]
[285303  82338  43570  18608  12534   6404   3260   2267    502    226
     57     37     23      9      7      3      4      1      0      2
      0      1      0      0      0      0      0      0      0      0
      0      0      0      0      0      0      0      0      0      1
      1      0      0      0      0      0      0      0      0      0
      0      0      0      0      0      0      0      0      0      0
      1      0      0      0      0      0      0      0      0      0
      0      0      0      0      0      0      0      0      0      1]
[197853  63427  43017  24322  25204  19766  12420  13746  11137   7024
   7837   6581   4023   4435   3480   2099   2230   1682    978    921
    693    417    405    292    181    192    126     88    103     84
     67     59     48     29     35     38     34     21     23     11
      8      8      2      3      1      0      3      0      0      0
      2      2      0      0      0      0      0      0      1      0
      0      0      1      0      0      0      0      0      0      0
      0      0      0      0      0      0      0      0      0      1]