2648
18991200
19770082
22140119
42762376
51409228
50539313
31670053
51539240
28039649
19967304
24069119
20151025
390600
37838557
56403918
23747766
49159160
20203681
7250
22507642
20017478
19732914
23817924
19061980
44989344
25661015
20131827
24221302
20833616
57008072
44989349
39877298
22216718
377078
44979338
48637590
19063356
56397325
23404806
401169
41272183
31014009
581716
18990820
58060767
44979366
21600556
74673
23167277
21059607
22300476
56779211
398435
44989348
47015652
19199530
22826752
21542029
31804754
23557909
21490433
20579425
26600205
57029179
25850956
23162732
38839329
39040566
30206248
23480331
34925733
22673591
19887289
21124626
21966037
21903966
22696988
21361834
22051304
492066
22403576
20576181
26384426
32311174
245353
29524444
22416752
20726321
20132258
24694433
23487274
20218807
19577112
22365815
286367
35720220
19944591
30172503
34287847
31394025
22058902
19998293
21328590
19202854
47008091
564332
4297
20971952
49280443
42133105
19781423
21911338
23047261
20759558
19840077
19761072
23010419
25774365
49389111
21332616
35707924
210195
35301382
25089268
25738593
19889421
20842490
21160952
29248275
23765764
31988221
41732749
20389591
22079480
22991783
21366420
36450379
20997350
24837798
19969614
23235987
40272268
20484031
20176128
35221469
44979332
36653735
532825
24332462
31510696
55508353
26082266
24927608
377115
35490378
19275647
20711378
21025429
52424
31555234
19134540
53499198
19787999
44317220
19209176
21540249
51802872
19019472
20466116
10077
20983936
19113946
19024580
20112175
20610274
22079096
20471597
200553
19665819
26324263
20807679
44979298
21036055
22138282
20171127
30871780
20142680
22478427
23050296
52394864
28424427
410417
23424599
24074120
138243
243429
44072350
19873574
21623482
23292582
1496
398566
25244896
24160366
22005573
26676087
21663135
20915481
27291302
20829557
36718800
21193669
26782828
21391341
23460230
20706781
21705406
19909651
19056803
27271906
24295656
19698094
22149390
19637878
53317980
20823651
21101048
21597421
40984753
23453976
22450579
19792894
22824171
419516
20156016
22635564
20299680
21084089
22933497
27409706
20151814
21498922
20417878
27020026
47046416
29069472
43501045
24147460
29259499
50811203
43197599
19440665
21428926
21051986
25743455
38645014
39487471
26114733
337047
21222839
19196558
25888946
29822345
22825690
53742348
25848742
56838917
20698282
19616469
28880869
21390649
19602876
21752602
60783
35590582
71715
26672931
24826080
22226855
22059766
22598261
19238304
20181111
37813030
21208070
20024304
20115278
37873587
22031601
7460
20793637
23897083
21557951
58261653
25244616
20659429
242637
22479740
22465970
20830793
25718805
21687054
33110307
19760829
21375085
20047271
20233217
34411039
36733439
31209421
23534118
20739227
21078692
23137868
19202146
23486195
21633048
26070502
46322844
19088327
21167310
20986419
52401
21622356
57539163
20327440
51082800
30255016
23714027
295093
22754618
25826554
7184
19804152
20253072
21837128
20430775
20001980
22166507
25183879
20029578
22777955
20881601
52746567
21936615
22417049
55963358
296678
13930
23459413
20284768
22686469
24777351
21402394
21101332
20438735
20962682
19660288
21795613
40181658
19874625
20971635
29200584
22879711
22969739
133218
29699937
26851284
39172527
27222755
20026563
19245823
59283145
23552941
25873423
19770531
35315102
20072604
28661557
25116379
21939441
21128221
19201346
29802067
50857
23371405
20019358
407750
30079
22351050
19732502
47409241
28407347
25726495
19058956
30354105
20264259
23453668
19360235
59141225
29484018
28700797
19564158
20474918
21542622
39066667
52970429
129380
30936371
22298866
37544993
20231090
20978232
19146984
35592112
20025621
31785265
21109402
48544082
20104016
19977963
24616161
36369081
21697198
19920510
19227644
20739331
37876161
20149229
21050172
22612047
402547
23108209
25073591
51015841
296465
32672912
21478812
20874769
46760844
34216330
21701239
27737942
30563709
35763173
30779966
401063
55949610
21028654
19765455
39026110
35650848
30961349
21645177
32517680
30000035
19498069
23850925
19411380
20456290
49399151
35553533
22738595
349795
7619
23338989
52369914
26085419
36826750
20359480
19674238
27470522
19903970
19086140
25026562
420386
23854845
20315488
24499109
29739210
30190776
38809624
21208280
22790291
19891043
21337269
21356324
25322289
35398404
20647804
31937841
20543918
23627248
23258690
20859115
28949426
47110029
237437
19132539
21589032
24464242
263143
19891056
20917048
20240406
23415002
25718000
35702909
19099654
19396921
24121458
22037807
36981463
23009688
20712290
24449515
19760136
27769427
30155896
47476669
39812832
25075694
20974162
24748536
28908540
30266347
23326028
19979670
19957055
20868998
19579128
21370907
37931836
23034106
26059648
19877155
21507343
37960379
21238365
34170283
22246967
30414410
30962498
31436405
21076267
29504386
21944884
44222628
28987430
25365869
23632567
38290887
20303983
20097656
40391258
27798233
21641777
24096101
20783487
47180071
24537105
21709029
20443398
28725693
38579589
37388071
19782544
19444279
20220845
22941674
20372532
30035428
24454748
27884315
20851493
20305123
26433007
19579799
21739312
20803655
39652933
25739133
48438768
23006239
29305318
22428533
55372997
23684099
23383980
21955404
31600463
39077042
27794083
48488678
29246101
21082569
24079133
23977016
22560199
20526961
30290404
20316140
24977679
19596467
30312037
19280973
22207716
39217105
32627127
23202624
129518
20879150
24191057
27333021
4605
20786808
25901069
25532037
22023739
48061115
22681046
30392246
21521745
23004180
32239609
506741
51071948
39449693
30466228
43839117
23946236
20425560
23756437
19268190
20077628
25489474
40736163
36871129
62077
236954
23467499
348564
27209476
23907782
20809693
34812368
26423851
21136014
19168274
29442668
20216016
21677504
36920596
20288576
19046753
21673364
21432594
35533639
28982480
23959242
22724185
22056420
367953
19398447
19881925
30107400
48171912
51585316
20220593
31942134
36829887
19959537
22438041
22290554
24818532
20309699
36476938
20290192
20057589
31057616
35180079
36335460
34541179
30779352
19958872
27934009
40429161
21483081
19381831
22726440
22828261
19923733
26229687
42220012
45459632
25872323
21061376
19903923
19416197
22344239
24291142
21328540
49309976
22685289
29219287
35796485
23454727
19052687
21155014
267651
21644533
20012223
41954304
32751192
20921013
20942144
27192472
19236150
23623012
19906739
34351010
20536436
20853230
34945259
22209280
24494578
43699171
26185318
29833441
20384216
22935311
20361211
40036262
22595741
22603926
29284296
52294705
21293524
19842943
47076912
22005251
26414130
22130300
37076107
26124635
23702362
20859660
22941167
32390633
38691676
22074992
23350752
26140897
39282490
23501475
20187277
20971623
20915503
22927114
38843177
22262585
30963391
19353105
100311
20121570
21115658
20808082
34797617
51509811
51578070
20977987
38057509
31976885
23847696
162762
20750311
19741794
25295387
29762218
20042405
32434436
19974754
21274949
19942396
30051131
34794390
27893911
21183195
19534215
19978640
22402876
25609509
24685922
37827053
43090418
621
52371795
29809785
27811311
23748344
20836624
20333030
29400083
24197510
29282442
254872
24697499
29582329
32622871
21862409
40131735
20813931
3321
26665486
31493906
33110632
26852720
25146586
23162412
21088719
20256543
40894264
20548683
19818129
22701127
21367804
22993033
19433417
18979284
21714331
22023529
21795860
19826934
158607
22404225
22058309
39732362
19551420
21314942
21269385
22963297
26786246
20805313
23907257
19570537
28710441
22180789
19275688
22974753
29161654
23758764
35375666
29479476
22789004
19346988
19766813
24421703
26233595
24772699
28351218
23621941
19855198
22235871
19738326
33089599
31892865
19985596
30871884
38777539
22205540
24822765
22541792
23905873
36660535
31795812
27253842
19526121
21824459
6760
22430071
37057714
20881184
19194517
27313512
21500305
19673382
21274340
19606634
44549347
40279866
22991489
53989166
45152713
19905517
30684065
22660586
23820400
37856607
34393778
22478169
26762843
214684
31273666
31412372
20216749
344520
21238911
19978093
32305699
21837426
38263754
20827776
52340556
20499023
30138507
30046249
23048939
36962493
31198030
21794713
199072
24875971
29533033
20515552
19988289
307822
21428047
23070499
564166
18989224
21518196
24502253
21478675
28678113
21494654
84239
27941759
19148345
28519394
20817006
35890783
432347
21161721
36470262
25238749
390513
24560785
21145093
25178285
19464728
30934827
42796117
456710
30253459
20897801
19014130
20816307
20561552
22023083
123446
22278578
21255889
21295835
22858406
25522486
21054145
23002731
24484784
20241601
441030
2492
25222239
25892862
41059323
20129369
22513871
49090495
37318669
23426011
35543369
24508744
22923459
19448220
20274644
19956595
21717
22840732
177612
22002779
19170175
48561423
21156635
20672928
24736560
20000813
19869130
59053
21407486
25893710
20177358
20816272
21240218
20880466
19779871
20374899
19930109
31616072
32625972
21715354
19484831
144479
21619558
19557491
23584034
23811412
22983316
21679519
23131222
22114681
207551
20375080
20356749
35410735
30622369
337018
37340877
22904599
31754461
21373466
20557455
19459229
19422278
25184929
20893163
37980349
22062509
110593
241159
20103467
22854962
23510101
23705582
19456025
24478426
20492433
22023079
20640101
34005032
28901185
19280478
20218414
19863072
30254634
19967019
21335177
19482518
19361084
21402515
23034198
21671697
273167
20951124
26296177
59130
22348259
31978353
21616623
26626692
22661496
20356856
22063852
32452922
20479978
385698
22597653
441640
22156125
22870281
20506513
23464889
20982418
20617995
20979054
19666621
20911682
21042886
26772945
22708700
448784
21232960
22036856
22241858
25185374
28332232
22745626
19112444
32154756
19930101
42855342
21129027
22387667
31112287
159165
19751818
21664287
36748302
22312755
34505479
19598832
28639326
21609287
424078
23982169
29562030
20935376
21181810
38674750
29559294
21809539
27400598
23773443
24086401
32872169
20952761
44848642
19764737
20327622
20647528
26319638
21686036
20299650
19447794
19786092
27753187
39641143
27861182
24096820
23837443
45596407
20441458
21812009
25354620
23642472
39996059
20929794
19594092
21549025
19762299
31611690
22650253
23312394
21936329
31500972
26849778
20059979
30359072
102993
21936349
21984252
22410662
22023633
19860071
53119
22423918
21781583
37528844
34298685
21591436
22333811
26380453
26773448
31570350
47573991
19499673
28589483
19115676
19936601
22308948
25906242
19699553
39716730
23471941
22297407
21206129
22074085
35685266
36000604
47953023
29372244
21309695
32690987
20969606
35873
24352669
21722640
28456742
24684195
23986372
606361
23188585
24342622
19849613
23489242
23805868
21343257
22568048
22760488
37899509
19201836
21884633
22350438
22292036
28797396
22250323
21685210
19659650
20004431
23594935
27767914
21955448
25345347
24708958
24019704
21669301
233529
19972094
248367
24423659
27777702
29731470
23050459
43641820
21796830
23732493
24490271
22269712
48966
32561335
21466310
21519891
29523565
20158129
35599342
22766678
31054453
28812418
30119835
24665180
20989503
22024151
339143
25306347
22861438
34704415
20296214
29352422
26874110
25280018
21813331
21087220
24805810
23958959
23454695
25001112
35880995
23076257
24450605
27384176
21962184
21320669
26265634
29604515
24626615
26753057
20828229
34900084
31225865
19623755
21848678
30882866
24626736
19898135
26459808
543817
21696630
29800994
22542142
28521469
34429107
29517081
19658876
20456128
28671088
23266806
32363833
43640166
25563234
35061865
47018438
22055274
28934806
20281958
21759108
31525517
30015151
30528472
20501914
20087250
24078011
31373853
48103211
23073397
20764437
22136279
22576077
21928777
22158115
30275678
31950433
20668650
45085162
22733018
35708957
30381936
30964245
22691428
27051269
21325392
53945913
31013197
30624110
22469311
22029655
24593026
21843687
29490661
22056477
28681217
30018049
28712733
39540089
21847454
22057104
24259985
30702877
44811954
21220711
24777793
31197508
24834050
26041543
23120645
30377872
25337899
20983922
22398632
21514778
36662326
40871014
26057431
22484121
433934
32170249
25077624
22650636
20992052
21231842
32840268
20956910
34603359
24747956
28357034
22972954
21146827
29380149
24774898
22500595
19639997
35189173
44821096
31319360
24265278
21767922
36769932
24803075
44879120
20420483
20956005
19250176
19649024
53391347
272354
19827462
28354794
20675433
20650068
56029208
50309145
56039202
20360296
20441329
22028158
21704158
28356232
1821
24671130
20462659
20052657
20127972
19898261
23965783
24115994
19219135
21211528
20262759
34860843
22555391
20011987
22033467
19160282
22014696
23894149
19075950
43146839
152228
20914354
568629
24650555
23524021
22855504
28950498
219617
19991815
19926474
22067194
29562665
20332731
46290494
39724091
23435700
20419111
49180481
21794465
19030192
29196564
282820
295670
26433959
19368816
20399946
20612905
21328964
20809731
20001705
21447529
20397533
22441218
37130772
39291950
270099
34807542
21399678
19780741
19839789
21609959
24806395
35433792
442232
20161229
498184
56917699
31081632
19526331
586235
20974842
19307507
21796713
20267481
110908
24874750
19935768
448372
20405690
21282971
22999269
420106
28697114
20580331
21716551
24816545
21260950
30783632
27020067
22915413
55279148
14404
31045515
20910707
1713
24467725
157809
23927250
26168880
18995851
247030
21496162
25146599
26670518
174419
21078520
50309146
23665876
21161049
21839950
56243
21168589
20445322
20759747
19314216
19937982
20687538
28341440
20281854
44989319
30109
20539408
19922172
19296690
19985650
22071936
36356055
28753141
24757641
433731
26445258
198
456283
397866
354392
37041768
37383191
22527063
28737271
20319644
31521413
353775
20689725
22754283
34138031
19773911
39580317
44979355
59470
20564090
19876825
20712611
19576535
19490170
248637
272904
22965966
19046605
45668239
21828065
321877
22272202
26389719
172119
37034751
20742933
27760573
19796980
19259932
19333786
1263
23705212
26109773
67891
20024227
21804114
10984
31314887
20226874
22058143
28169391
31345
19387063
25390914
19051592
19765355
605766
47609230
556030
19922118
21326160
19917433
455913
36575209
20791793
22453836
19161111
22522758
25177393
344966
20174391
19088971
18991696
249882
32395188
19749226
19979625
20742347
20228703
1626
22684457
33749100
35671786
23307177
19974576
20895259
23491947
24237585
24199345
209424
23057518
39715599
159819
23083380
19320220
38201001
19912176
35111505
19920264
39485
414960
21837677
385840
36571679
21054552
181316
21203053
20066291
19552465
20947699
37370762
35345641
20611031
19326163
24242423
50309163
22413326
23534717
22778657
19121580
25104341
51474697
22963965
28971551
19816394
25453776
21390175
41962500
20144013
453082
26854117
23842127
22795836
19755607
29565351
21083168
21787954
20659704
27800915
22350843
20247238
214451
24882629
23195835
23563697
32411675
21148288
23137045
30421234
20962399
19047801
22814846
50289084
35230027
372128
426288
20279967
31816131
23472635
34972114
20625046
22399915
20634517
27321428
38654805
19274618
22836716
19139834
30419700
20041478
20471346
23133622
503962
23245665
21970705
23162404
21298865
19874812
20286996
23155830
21786647
34460522
585813
38304544
22581803
19902796
23055302
21324344
28791621
25805753
26720090
20941394
24982559
20218485
31735716
20598881
22067454
29400869
38772045
34092768
21239624
19874377
19296199
28559302
21764331
21377787
22891040
19675450
376775
47629307
49649446
44979367
23497224
34360060
31564457
27282584
27229681
20915932
22584897
328235
25097128
26149471
23373160
25966253
23247485
20153132
19893630
22076310
26242416
21265365
20832166
20124062
19652511
19589398
36425982
19398382
42753874
19202414
24319299
21911054
537967
28473159
23731323
27301648
19099710
20809231
21685084
21328205
300679
22930853
24052453
20325482
21784963
21135119
19350141
21599894
23981283
30560022
23557529
48191729
21259790
20847028
22456994
37286333
21556988
19302928
254270
41268063
24258686
20341661
494731
23453358
25581106
29792537
22802244
286733
20568884
20111718
22905384
21999971
20848936
19018394
20236154
26852306
20388567
23569070
19374128
23006751
540950
25202310
20199604
21328445
31309567
19174314
22017165
22842898
22335759
12097
19328685
26899474
203715
292707
95077
23285593
22721572
29266039
22272261
44230191
22883826
22417366
34250989
26734425
25609991
19447429
20633206
31631686
21124369
94078
20232044
26168555
24290902
540268
24913410
20526194
26299566
20837501
22371386
19742779
19279581
24632983
19332723
118453
30155335
20698012
21757370
28774956
22405162
19943818
470019
29535305
22471380
19168723
39796400
279010
20469615
22975671
21385063
22676161
32199861
21589497
21823420
21595828
24816043
19231248
24830770
20212231
19205769
21144092
22795704
262255
21127439
295473
20910585
22192467
20045790
44989089
21850501
413139
19263738
30413915
20131878
22344323
26600312
20088487
23223555
22910160
20188483
25187143
28718115
23081158
21510661
19529461
37900634
23773687
21463761
30587285
22128491
20589423
21388911
20200953
51052719
22464747
22880917
31146448
21503131
216032
23249275
21446650
21062670
34859815
19448985
23822864
473582
26649033
25082765
19930588
21630813
19876550
22089278
20323466
24341575
22333349
21717260
23039608
24344299
23975717
24323460
35163892
424983
23519789
22076548
22452378
21599193
20622139
44655726
23913191
502983
20374493
23688770
23590762
21009477
216635
21704426
26366238
19305690
380646
21871041
424321
19405267
563956
21347883
39492860
23172578
41343479
21416890
24225251
106377
28352688
283637
29683689
28426754
19551959
19339458
25076263
20799431
19876162
26255606
22031751
20920532
20678849
23272033
30080019
26460764
19948215
39725925
24365843
20483477
20819541
18983679
26416113
20204843
22221688
20489224
20988878
20021395
27401229
21135644
198331
249103
20812469
21885489
20068934
22439777
105389
45050865
21115614
20102167
24861178
22938561
21851948
23300395
20956445
22092725
24142707
22843354
592670
23615349
37020867
32267557
30106256
30493731
126842
22020800
20722311
21474388
20711755
19452580
22465530
21682214
28169695
400617
19917395
24324481
35323201
26319453
24931048
21750998
24492966
19302271
25372320
519040
22241316
22054704
22732766
140126
23270684
20247250
24953846
26295241
21500391
29593398
21764938
24722800
19068981
38794940
23239808
50836649
19862335
19543708
36594883
27251922
263841
22229767
24858283
19373254
19570081
503423
20422300
24990114
19713652
121251
22769531
31370660
39996386
19803250
24603653
446471
162171
19441496
19639823
20000491
26283693
28800462
23670051
30173799
24743363
22640711
21910088
34220854
21564977
22911917
37797842
22829674
32989715
35693088
51627
20380920
36744745
21575537
34215316
20410369
20412908
191030
39991215
19991314
21008804
21731965
22531051
19908189
22124228
25334682
24297403
35293987
25346565
19190279
22300913
49883469
19308572
19094782
28931595
32209762
24201341
21705282
28530260
20577176
31852435
26635798
25966085
148059
30097510
20186055
39492567
20474630
20163667
30157149
22997831
20464642
36847039
21852001
20202204
24415749
19927204
19831976
19659410
19870257
348683
25815057
23997402
24612001
22674153
51112576
45269333
19777853
19367559
19536813
19942532
19022008
25260275
25100448
20481567
29614542
41318987
23466695
22888876
19819602
20229419
23235563
19483607
45516089
20236663
19963418
20107904
22385991
19490567
39635300
37258327
21125052
28993758
25151087
19780523
29289150
36999877
24961023
31974074
19342578
34589468
25681148
28375068
47009930
53063254
20927973
23071076
23238547
22825258
24195748
35798825
26343045
20611266
590149
20711225
37285547
23932962
24778948
20668443
23052283
45939897
21001839
20857559
20559843
24927407
39070044
26647438
22181926
21839190
19557853
28741070
19415476
25974763
35210668
30923256
24904256
21263303
21388191
37095791
51539768
153143
30555173
21316727
45457554
35411046
24120368
20027322
22984252
22771962
19870970
19287848
26363617
34054563
31554795
32800034
26042250
19880892
23855793
21481326
23387339
19008687
20756604
20843140
28832014
36362311
19825150
21345020
30222111
21427415
37599863
19169797
19798468
22046782
37131905
36621799
27689749
19134086
323932
23330200
25333493
37086753
28550739
23741416
37293239
26074904
34341383
34124020
32158635
19141848
20068340
20610075
52939134
24647222
20203429
19201763
24614088
40278677
32567301
21969990
22055049
21343689
19106396
30065789
30457361
25009410
19901787
24965126
39006032
26289426
21009717
26291541
45661879
22372298
40007422
32679835
40908235
21202463
19770702
25260336
21676308
28725949
29247569
22330039
22993606
28880458
34071536
21266432
25882206
25539471
38685005
22951772
34996603
26433393
25301700
38572712
19273332
23805090
21170188
27372008
25966491
24482297
20712677
28380836
20603236
23018213
28109535
19959767
20711597
581310
108491
20735218
19093976
56039199
50309165
22645232
55779191
21133901
21607937
44979328
20967047
26492102
20845130
19111687
521955
23480550
19417270
19520643
21032820
25275263
19179421
31195305
20919369
509194
29228409
21699613
40743771
22361153
43313293
57019107
38249375
20734995
26667724
23210954
23700416
42060215
51051694
20718489
398281
25053653
28631562
30464105
23449701
45660499
232985
23552097
39201307
33987970
21093435
36019343
39630512
240344
29317625
44979324
57039082
44979325
266103
19927058
19795013
20500366
23837746
23995557
25163671
25342951
23714403
22196059
21662824
78946
20419715
26871423
43356646
23870147
22217979
19203113
44989300
51405
20239565
24986331
5908
47451748
23885365
22466506
21498729
22019843
26379711
39598
21020778
35408614
19829761
23671709
19223169
29647265
41874506
23022024
26649860
17772
30289644
19302712
35849206
20901439
24125436
19599551
34133797
44979352
21588250
19336374
24654893
27182101
20961218
22037460
468199
19746370
32585273
32150996
22408707
24627120
28837883
37302333
30933574
19275344
20926356
28705465
20539676
26617932
20441780
21226989
21172301
56450688
22903055
20297922
34033490
19795235
21674425
19655178
32719792
34663196
47351612
28670601
19801683
22140824
32400810
24087816
32527948
232147
45912559
27724470
20465292
32515496
24189370
22672090
21278243
20241275
36249214
38811052
29494638
32541870
40523451
20040420
20473971
30844645
31291277
22389988
19807803
28727068
24457884
302399
30619530
22373365
34988795
21254639
50184195
22839038
22476993
20786780
30565857
20862920
23169085
311852
24929971
25055660
19776841
21378869
19245639
50240000
20304861
23500769
20864549
20259639
24651950
19647391
22086164
30084643
20134584
30479160
28444524
43085282
492134
24346030
19112668
22087242
24184958
20444205
19074476
22725705
20190658
23766453
36179841
20846356
23005048
31934034
27433075
19898256
19337929
20338079
22458098
567681
30235920
20005887
19361793
40904227
23729180
32326310
27302808
23556716
27934026
20445972
22180208
19900498
23079604
19875787
19361532
50156526
19587720
22811320
20500393
34671015
23356330
19380856
21045135
20432016
30719946
34137241
20036304
21590495
29595590
20029709
42008454
381882
19915350
20887
19507839
24264457
21010164
20481746
19898036
20674458
22150475
26504490
22677483
24383417
22344412
21133544
20981421
21115975
89189
20858393
29109586
31546
34173454
22070960
19306431
22946949
20710290
19968376
35682376
297930
23394973
26111059
46404359
34242884
22597271
21865619
26184751
24641982
22639446
23827321
22049327
20100063
32608320
23843338
28549859
22145458
21666501
20511078
19210177
19268594
24089108
19867918
20919341
26845761
22432986
390574
23827122
19070099
24683825
28744169
19111731
26259867
19594107
23447341
20736014
63182
19334978
23696478
32530876
20926986
19565995
24197453
22975393
21222440
24336854
42696107
21804427
19390172
22983329
22557451
53739604
22054371
19121865
20815810
343920
21325364
21805649
27429454
21868631
26594700
20826515
19361898
25135826
24220174
21429114
138644
39576871
26459106
21269301
23149556
19806116
21459539
30948983
55522876
19588577
20646285
20340532
24981067
30269809
25328700
39645706
21048895
159028
31403934
22659515
20147576
23403797
38067687
37416916
307071
31261569
21185232
21538059
20880610
27460650
19230961
19522409
33400626
26373999
488344
21695803
31114287
23288344
38808456
37009400
49379126
19733592
28447717
20314657
278046
23199108
30811482
28541491
6521
20195291
20289716
21485227
24071620
21806696
50820709
21914984
23958974
19445138
19706857
22813192
23160710
26153848
34261522
19767232
25260037
24160516
26394284
28464648
30439120
27717752
44703577
50493382
20262635
20749750
26455305
19993651
41214706
25137203
36129613
21632576
24295673
21154249
24844953
19952314
36870422
19951880
23618508
20488603
20123791
35352074
56659292
21738406
29648534
44182421
31533800
22515319
27771890
26550786
20372563
23483718
23261577
23643067
30657243
34851169
19896400
19846018
23152291
22319348
32674521
28319774
25879066
55559614
47794352
25759069
34617337
53341114
20595096
23681153
19182733
34187598
24747659
25317334
22125583
20727925
19578459
31444071
35700572
19986722
24760331
34662265
28611997
35520324
19771187
22347079
23539670
23186912
21467274
23743430
22602365
30854670
22736995
23102743
19425649
28724267
49690219
22279221
35174907
20265282
54369207
34672411
22872222
25921373
471664
19980955
21176791
20407516
30310395
28359035
37853649
36459715
26774906
29710810
50853124
23602093
23794501
21409853
23743513
28815657
21358652
31331183
34013851
29059827
87220
20467302
19995271
26072373
19614023
24939479
23512304
20559954
38329988
22692533
34722971
46409353
20511535
20279089
20233449
20794310
20215221
39310646
32878634
33379081
23165987
29469486
24941941
21981683
400112
40955417
29164704
32024177
22494320
28767706
33779467
21401542
21508918
24399368
26692558
20642453
30062988
28343939
23976273
31475140
21849406
21351919
23174883
44899951
39295344
30759570
32162138
29429567
20152226
23499036
49288866
28467836
37126676
21764587
31680700
38009785
23520049
42715640
21192533
21692819
21791407
22480346
21318010
31213911
24621119
272337
116191
20181489
45215958
30729815
283404
30375553
43366284
21289910
23388678
19274264
20075681
26863211
20275309
24201812
24857833
31067893
19946805
19104416
29809774
23243991
21253548
24230538
30515070
20491529
22948137
30448690
31583004
23417286
37787234
22093583
28897540
22360903
28912725
19767040
55915741
21409402
22920405
20218594
25987314
21823989
36709757
19910936
19634484
19374773
34664614
31485177
31610198
19656620
20797062
22035391
19850526
44173054
32048528
25699990
28453546
21063242
32598257
30813712
18977927
23802387
19031936
21081012
34191325
22292020
77691
25310097
23358998
20166635
19194343
20962857
184677
32652245
25443112
23481993
26145040
32932398
21339787
23185795
22393426
21267709
20972853
31830141
24189383
25803405
28794130
19504716
24581292
19743260
20296455
21290208
22258963
22485047
21538492
57651609
22004774
20833897
19237843
23383697
30096407
25241660
288110
25247829
19697940
20387972
22066000
25099319
19571901
19966161
19863331
21431573
19238273
20673266
30897448
487279
40002572
26875802
35169501
19839474
196733
22586751
20933494
434234
24436284
21850874
22624561
21355245
19470447
19263563
34243185
101409
34552015
29624576
23240929
283103
27932627
19636537
24682680
25738757
246765
21183540
19853822
20039790
20921409
20405187
90971
24018718
20444438
22441955
19935780
19009736
21360411
21728974
21257080
20225952
23497572
20280475
20074176
25629502
22482160
20880807
24925985
29927
21731896
20900430
20587518
22437008
20543288
21492233
23524376
20043098
29362106
45580072
428942
21192740
19079088
20145933
20962774
23466473
22396657
19292164
25067526
21240
25078968
23177500
29732100
20333889
25059885
115505
30634580
22364409
26197300
20238567
29515234
26611937
20258088
19126428
25716503
30158476
32369749
20505305
36789795
26436317
19873353
21687248
20971043
25134190
19906472
32467
21994358
22464378
19944644
24704536
22080394
26267603
30008866
24077461
523395
19908410
34494914
22645220
354959
31197452
465260
21924230
19698354
21691450
19535302
24869376
31369599
8961
20033513
22336602
20444760
19077063
574527
23929294
20021460
22413681
22157069
20152521
20839533
23148157
19614677
19216930
20140394
36365864
20983778
22120654
21795320
24291073
19763104
447655
20567108
20474974
28338020
20517173
19347795
22559117
28955813
23821496
24464053
22288311
20385401
19653882
29179726
20013895
21190586
21074305
22828765
22955971
29241105
23310756
25716699
474986
20609645
22592659
41236168
415639
21119029
20557810
20902739
28870627
36119978
35334793
28838265
35881432
25161107
45344815
21075739
20097683
32344324
22147232
21741838
47371195
20824182
48206384
21202672
19515707
30433621
19794380
24023048
29194714
22431892
29385428
21991932
34065128
29773406
19993381
22789949
25946612
20611203
466228
23284189
23538389
23059472
22951043
32350927
36345856
53941313
20142387
43340903
41742607
20539581
20481630
26411257
24288232
24636516
20475734
26310922
30385447
38674894
19121362
35155749
24119934
22605012
25051045
31605664
20868197
317221
20164536
47473628
20878992
30375413
24352323
21318153
29384767
30413591
21555640
20228581
22383113
27730965
21222676
20594385
25900163
26727450
27736944
30071014
29574442
20155853
27365246
38071296
23174790
20004202
23096452
31588136
38935381
20589712
24965091
23283616
26442673
25420861
30455497
31598376
38584911
38266885
31473085
32236325
20374246
21949386
23374190
19748650
25940003
20588820
25045627
25090539
26251353
40744629
23887152
24135037
21095555
20521419
20757625
21530588
29580636
35959140
20534586
34470656
20535743
19946488
24023494
20787009
19312214
20987395
39512596
28511113
20149044
21481450
30230876
27919911
22966761
23133140
19735181
225203
24868396
22995368
22774126
36441666
262815
31899134
25823345
25764966
29305697
20360951
21073000
32045092
24371772
26097380
23261161
20452917
24626421
20969403
21846466
21288150
24429043
28930797
30434234
32017980
20667783
28049425
28956727
25898624
23216473
20569897
23091606
23345413
27174057
20168122
24831749
42060554
55219652
36752012
31422357
19659831
28941311
28736245
23372759
321046
36406241
21480646
38277584
20361074
26499191
20798577
19977258
27972648
29572182
29252994
25855458
27404971
26299264
28905495
24378621
32232675
32889612
31263208
27671322
20689924
21750207
27360605
34641332
21978425
27380978
22233582
26751546
50783360
40769828
25205912
35107271
30246014
22781001
27399209
23262271
21268515
21133698
22135805
32016794
19849795
22509897
43597574
23429873
41766752
26412096
27816969
26654420
24517491
27737215
30121886
32936139
19873133
26677684
368032
29411732
113369
24535542
24405971
20043698
35128115
44169739
344862
38790616
23915577
34110055
26559530
22228277
20786245
53030872
35521537
50287615
34205375
39185039
39129946
21540517
22689890
25075471
25260642
21904494
20454835
23356535
25001801
37467870
19534901
22793192
22897833
20894989
18995167
23347681
19921757
23759191
20826894
21828885
20046605
37862258
19491037
22277506
26383450
20778168
20475672
45909177
19882547
19916012
19152589
21596885
19992458
39957543
26043408
21956671
19178359
20117579
20040472
21248170
20527835
22844351
22207350
23212900
21147146
28720163
31291239
19832463
21329055
13523
22114701
23272989
30184991
33391884
36889634
21743622
69775
19738997
42890620
20397499
18985912
27705834
19656843
29296236
470050
20337744
21541126
190620
21397837
23256353
27312905
31200801
19258743
20182783
22042123
23274019
387080
25410367
335572
43581248
366777
20711579
45198917
37789193
26800540
28665098
25012291
23162596
30950121
19874855
21241245
19426697
21828937
21117005
22595366
22888372
267371
28707657
39484403
21208600
30119681
44839078
23345397
19412042
23193238
19921083
23523769
46280307
19942749
20306996
24295425
20848793
222032
27131311
20652228
19002634
22960410
30713794
28960636
21507075
22300417
586116
131576
23022178
19880628
22970255
22312666
35859641
23163952
21062472
19565638
24143112
22116703
20852204
31780089
29253265
24197125
21202067
21787813
28810655
25029861
34860199
413663
26563238
32553969
22324507
23039956
21156430
29749670
19765280
22780113
21206190
35622258
26593712
31663052
25065315
22830884
23184733
540424
34077436
30141964
20517144
26344844
20786935
22094408
24467010
259494
21098259
25244672
19099429
24082426
19509394
19782367
22411139
19291148
30912523
20921069
20584410
20051820
21865212
24556598
21794120
19647361
25294768
20270835
28479017
21163316
22364348
32232850
20347889
40901373
560107
23284540
19477587
34566211
19761050
24187519
23141006
19658445
23013334
21349590
19415753
20284134
479768
21788961
600575
28983186
19667258
21284410
23534625
22696070
23786353
21520039
22112219
20410920
29170841
25028918
23772278
34670427
21021992
20189674
31214847
39639140
38604714
21855783
37164411
19503830
31259908
19653885
31036660
20041594
41999153
24511153
25034580
32222409
25659649
25121389
25610448
34586227
26628872
31556731
19615162
19544810
27437001
20669105
28079713
19905631
40691504
19374992
26335450
23503134
55239337
21726097
20647605
19033096
21960141
19735746
20100476
25900205
43580391
449015
22621072
21125417
22699735
19399852
21450228
21146349
23479635
21378170
19806051
20431458
22775234
43769969
32380340
30575166
19792444
19882402
36902431
24595876
19656423
25472476
29339193
22180719
20733542
30219776
20100530
20534978
25502757
29570471
30367206
19441663
23524845
20585787
23465056
26400020
23461798
19832569
22692594
29191683
42839083
19054084
24913560
19901820
28437947
25853813
315749
20457244
20479490
19387257
24798677
20315580
23415042
32362945
26395559
22771129
32310734
30442031
24509629
22352248
21382291
26859815
22780745
23764751
23356163
21465193
26275251
32342786
24523078
19150652
27395516
27795625
19727538
20337427
24945147
21057905
20415911
25184443
20936225
28372011
21133137
20660204
44354806
34621332
27890563
19177782
22912038
26046087
20893751
21513486
20357033
23984324
24766049
39127242
34580229
19236336
24509271
23723309
20988140
19055630
193334
35331415
28704916
23616030
20255497
32572840
20410141
19788819
24238137
23607192
30484205
20190197
241328
23446092
23026230
22507449
20559812
26162283
19274532
27762381
20564993
20082737
472692
28641713
19409095
364287
28839640
22122981
20856174
19600034
23333773
22759470
22644530
28937302
20174402
18996779
24917263
19192370
23374616
483959
24799069
232535
20171857
22791914
29040407
19798768
22074020
20858704
20366407
22410402
21398642
23196635
392365
24583531
29419940
22862724
21460275
334992
21155598
20394182
37996079
20005861
19540517
22695361
35340624
26692655
29410210
34113825
30978419
425414
20573194
19083925
23433244
23891520
19514380
22682670
19142659
570422
175149
30524864
23381353
23358674
369989
20083567
29253954
21724778
21605894
20759436
25163844
24596352
8691
30609673
37467674
23080312
21169934
261554
23468027
19213232
38966415
23225458
27969207
410497
22280320
23561975
240723
21483550
514864
20512208
23631286
23556857
39734629
34826279
373572
35189369
20106736
20908193
22701421
25098343
39658822
21489949
22074102
20096818
21826159
20075573
30753565
26562121
20102457
39820988
23857011
22289406
159975
509930
25170669
43001374
39507176
27420622
22595225
34789913
23907852
31504829
29286211
23337833
21465869
25093753
23505369
38839812
20622905
28957106
20532784
32904220
24153216
25493826
271851
74297
21458906
35505011
43299212
21103810
19243208
26673948
21588081
25549102
54804414
21019602
19036508
298663
21967412
26289546
22654626
79139
35722319
22170662
24494807
65824
35768838
28909588
24328639
23399486
20977213
200229
20845154
23779212
24307589
33060935
26560749
33986938
21501557
41357422
35735411
49222829
23444049
37449416
23714817
19809531
23454
31068747
22395699
23830199
37294095
38318616
21146232
70757
29533998
19371499
35492149
20144444
427987
23958073
22723654
587678
25259803
21967694
229359
21580129
40338195
55965152
22238557
25426636
23870785
25762648
19965617
20248575
18991078
106879
28993046
37467190
29540047
24504119
39493094
19665206
405676
23977496
26979345
21265930
49961587
39909456
19929344
25052426
24315623
28956902
25965151
39804593
37771803
21758582
21350520
19846822
26865590
36009665
20361871
19142521
34791506
21676368
21661647
19995031
21206084
19830464
26096710
18979472
22079300
46146733
35544736
37131437
21129439
51123212
41839094
307568
46540066
26870867
19869889
39897664
41743996
267096
24442656
36652690
45168680
37530867
19867880
31382141
46690939
20888717
31404874
20012674
28916935
34940615
21975363
26134381
23683680
22710128
35024961
42751046
25127859
19634781
28763099
21778212
21859902
19867182
25022850
47954179
34242292
24252050
19609050
19282561
32552655
32531222
20000014
34271696
23640820
26105069
442826
24545436
35043093
20978438
51229572
21701753
24946868
359840
59026
29543753
39952694
21059450
32315876
47899712
20466975
22388639
22063179
21935901
43444359
19912238
26246464
19958892
27341182
547428
20115427
28833162
25570939
32769808
19002025
25765789
29643014
21910325
24740234
40776022
20236866
26051107
22092266
25240709
37365299
19495995
436333
26246381
20480614
27131235
50539286
29392186
23934540
31936073
40634624
25010075
20914311
22345509
50690164
32361559
22434918
31475509
21805151
21841723
22100456
20533841
22401426
21307962
29535212
19353157
21177265
24806844
19185670
20154283
22412713
21666344
22774927
20065902
21917897
20719591
23309928
21972375
28663803
20064983
19086114
23533904
22467067
29166297
29779786
21207776
24629023
21222532
27910504
19916353
20559489
254163
399375
24087733
19281130
20159275
21974037
25312841
54852114
21143536
20816270
19178461
26681580
25860079
20698687
21636874
215394
418772
19244247
20365518
22982137
20821425
19800743
20459963
19205850
512356
21415159
27343018
35270001
26265078
100642
21712914
35254787
19911622
21526917
53914220
30412651
35467102
22830362
21326006
22625364
27920070
20982799
31540790
23276786
34681474
21711309
53013300
22816444
24311587
415780
52277
19616470
19189759
19281853
44064532
28427829
21057196
24436918
20545268
247195
23208106
22221351
23045496
21338497
30912204
33340569
31822641
20665701
21135229
82278
19786401
31764797
21185448
20602270
26182158
28609196
29586220
21679627
20772492
20640052
170340
30888795
20790298
20412352
19697532
21839272
39956625
35610675
22789002
30842452
199446
22454918
55749193
45280081
19842896
28610
32160690
45473130
31637271
22694142
21240069
26672384
19955866
19481879
37302180
22047709
45075104
28762040
20375488
26421754
160409
20530820
27912879
21616005
21022096
19852981
23271258
19748114
36780783
24120977
20911811
34309577
29197358
29479440
21329306
22493615
19792179
22093035
21428120
24944777
12266
19839522
35852167
20790966
29654729
32279884
23450783
24865827
24018214
30565454
21621267
21637495
21378376
22072405
23586192
19482541
21250519
464031
21211603
30200646
20675466
32172257
33072225
21510344
20704622
21089041
25069192
21381682
19849663
21268831
34401721
34663053
47330237
25170438
27850850
21860089
19603180
44979192
19194570
26359779
40361204
23827279
25123267
24477878
28442117
533649
34872667
20180884
44158400
19410643
23132551
20139730
23419730
19062902
20255082
25629256
492011
76158
20911520
24462867
19269076
59089226
39166690
22916221
25402356
31649437
26138258
151980
23466590
20404838
20231944
20968297
23321637
20651141
23149880
19314981
24325875
24960437
19987994
46881374
22215574
20139888
29271707
25847795
33600
19788510
34285563
30134454
27840159
24464768
24733636
533683
24491307
36434944
22040921
23698111
20598400
418782
24206482
38935238
19798541
19473001
59544222
21137269
41679617
21696695
28529930
27182778
38800125
19565231
32263362
35890894
23822127
24921420
20813282
22583305
25388173
499343
29529298
20371781
22684436
19780974
32573262
21683952
29656638
23550901
23951385
19887582
502449
21332662
20225071
24464571
36433493
31973968
341283
24711309
545505
35672718
23396561
20224727
35408669
30093524
37463921
20135502
315055
19557531
224113
28350994
23964868
27180820
21625573
469951
22995817
34034980
20721306
26172222
40791753
19532311
20972040
22867192
35179173
20307653
37109570
31562446
35850068
29615505
23343729
21071344
21136161
24816868
29790878
21351271
19247114
19034952
21306558
335325
22276202
23314424
22164526
19798046
21544150
24548228
37609555
21420150
25202910
23586295
21909711
20340711
30110053
40370404
20440774
23519535
23487317
41681360
25743985
19319405
23730091
30637053
24420436
42678264
20655433
27910300
28416864
23585113
25509649
25147021
38761942
32460922
31766062
28331011
21476579
39291355
23107333
23654990
26154209
25356556
22710727
474843
399680
21203965
22364923
24581991
26106745
38695338
40927365
25333119
29813084
25022836
20131597
27707781
24581980
21207108
21021382
21867258
20083140
23510045
46740519
24574176
36702420
20978784
405396
19835507
32281252
19285855
23404679
24566871
25710476
20460150
419122
21314949
31243554
21049914
31642506
23453128
21409541
19322489
20498301
23498028
22928703
477045
23254351
30753436
25120971
21031058
49943354
19370371
32568889
32836172
25015516
483176
20266747
30300533
24703581
20724484
31617175
78688
26437078
38611578
22978011
31839671
36783014
25166026
24527597
21322077
21237962
20876552
20157128
21676652
21403862
27812058
30608555
23197177
22874515
385737
21203542
31066204
23713416
19876889
21452717
333917
19992099
21020883
23094825
19465831
543670
112234
32319475
22932648
20722865
20920529
20265546
22744974
19100106
21776645
24964219
19046003
19179710
30262503
24600138
503073
20254106
22959800
23146956
22021251
22996075
21658854
22169363
540526
44540
25893492
20186978
24717856
24922459
22035232
23202632
25391177
19253929
21791997
20233573
22687622
24972771
30643801
477544
20492943
49376137
23685408
23210851
20612595
453749
20127468
390236
22762756
20054914
19441216
28907922
19793304
475776
19257531
25501451
24216528
270647
19593978
167220
25847899
296469
20077412
20718060
37785313
21265035
20573852
26164706
22246994
127812
25097399
20282441
21948508
21203451
28474419
23461223
20475312
22431891
26152019
171092
19453802
21049330
26169864
77988
19571444
21753889
28911197
26611624
26202062
19490854
29270842
27434589
19957073
20411073
19589373
24458758
35390516
19942966
21278979
21440818
22901869
21058770
22562457
21795319
25180675
19844430
23702917
20272432
23994143
22402752
20632955
21841382
21652202
259539
43518246
26699024
233212
21168810
43414612
28447095
19918900
22710362
21466580
19816750
37988324
90964
21500901
20143034
34620190
20943090
27280077
420148
21903924
37388123
21259331
28946536
38065294
19895231
43496199
19616328
22826817
24893611
19680410
21237541
25124939
19286867
19942863
58303
37778184
32585766
233724
21256755
21955638
41782241
40636
20552408
24540889
24995187
37310619
29733369
26827820
43370393
24329449
46127893
33341405
20150537
32205400
19433739
31319595
19295962
38887759
42083
20352666
45440734
34802886
43423352
20523031
19906659
19092548
21948908
30923452
22003774
22066704
36444202
19055767
34554867
20672722
37299746
26319646
20561515
26437250
39735773
349872
30483894
21507284
30202180
60130
23076104
19945497
23443790
29238653
23106988
19222289
23359695
21608628
20481478
23052861
29441126
38634900
37020231
37001055
26358746
21329705
19849404
54452581
41809547
580533
22452403
21902490
20760299
21460087
30123335
22436788
28394455
32460892
24995711
24095285
21845407
29272429
23579139
38614344
23831891
31497473
23659854
35491097
21372188
20602537
21237080
27900118
20954088
22001597
20259985
36420725
24578905
23009312
20913977
19926874
19245696
23527106
23590843
47409190
20955341
30432663
23153347
24892472
23732037
25125012
26539885
38287980
35182866
24190674
114954
23412470
26869817
24425656
22994922
20076278
20301119
35774635
34315397
22088973
24995257
20758515
24560229
29164021
19228373
348228
20483073
30377307
22404940
28374491
20567197
39288354
24621642
28331076
19285865
21156300
48509224
23155154
47508708
30411976
22686066
20196749
25391974
26106700
21011995
19740154
38651972
28589885
23104039
21162950
20390687
24432744
23910778
19051563
33440090
21377003
25649109
19104480
35701395
579272
22794899
28808247
21599781
33351512
36259319
19859652
30285712
28385942
27795405
20875175
20346495
21146914
26614661
22840218
22440321
28413992
39590859
19594369
32263242
19779040
25189685
20547182
38819088
40499597
30378512
26426602
22981476
24277197
21089255
33370241
32394052
28679825
35579792
38834850
30931036
27781932
23763432
36249957
22931366
20917774
21408457
23206875
39260467
21035963
48994565
31043122
22059218
19398403
24618834
21822366
28934727
31298633
32434106
19804027
23294617
24930246
22993493
39480396
46138193
25945185
28977531
47604035
24027059
25201178
24117306
25331841
32680176
25725705
32464852
20075185
23398741
23941346
20859245
22413915
19983936
29429678
29019247
28689360
26314816
21300758
22848108
20086018
20798098
80596
34442436
21259775
25349772
54560293
22842187
400983
20514114
593842
19521145
22186987
44941804
30553180
35969944
33999606
20120775
35378282
39296023
21274145
22464577
24256955
35623736
23066512
25363885
26399565
28898111
25213106
26851293
182375
21141547
58425109
31543832
20390340
29302842
21684058
25148651
20509758
39277497
23393249
23010809
20923541
39559779
36380609
20720198
19606281
32490624
22137611
20138123
26103409
39535487
31061759
34054809
23461263
24801159
25432874
19819894
20004209
39915508
28997744
33409850
28429174
43083169
21310632
43546106
21323111
24648112
21246722
44706486
19635925
23907821
18989543
26373266
22857495
19088612
19743226
47565624
20307296
19466096
32513626
37556905
25719567
21877675
19592311
216173
21420718
36330908
20850330
497476
39618255
23463785
21057886
31213199
37599981
19328046
58625643
20039134
130764
18200
26695048
22064101
594116
37380722
26386606
46365425
32981475
19965960
30654673
39370346
20506723
21254657
29551416
26263461
19018334
36090882
20725071
38572720
22491273
19314610
22670232
21347294
22897010
25935946
19916696
21961911
24235575
22572291
23068506
25950224
26544041
19579444
56855574
29631745
35581081
51031852
45355766
40274188
39869476
24010830
53845728
31009653
20701619
219952
24104299
23244444
25964974
35736260
36336224
20026382
22003646
28531865
26349357
21951420
19227609
19032310
20060167
22559170
22529804
37363314
33451344
21025752
19091173
34760164
25659448
23198839
20473239
24578326
19257786
40703542
19104375
19872395
7428
20036542
19616152
39932160
20613303
20315147
22681792
25034636
52847742
23498013
28485
26530897
20253540
43021043
24731613
20089404
26369323
23035102
22689929
35769026
37313339
20923559
21874799
30235515
21612674
28803799
23721218
21057244
30249459
22676674
24433064
30457707
53709140
26672373
20896875
37755955
22669280
21947923
27599862
19319738
24459599
27922094
22097343
26196025
22699285
20334957
23012601
19715898
29604086
23508376
19212985
40402980
21557301
56455663
25509813
31941181
19908297
19800916
21755031
23039981
22551061
24520395
53268792
25955535
19898541
21232924
32373782
19894887
25097927
32725057
37775705
25105757
24655889
19777486
22647484
30721959
110350
20108038
24463155
19148982
20048369
35921043
22934366
24871388
28378994
50798830
24673040
22228120
19164778
56995738
24658734
25473371
22090061
22041545
26833998
22114520
77619
21935743
20434517
30594494
37249427
32334604
32804852
25788999
36952477
25152479
22574387
23062391
37079256
20458207
25920808
30071286
22826397
23479743
20121421
26265204
24544066
19223727
38957445
30015411
30608313
26805816
31627489
21264253
19574839
32370718
19847623
35662803
503697
29553363
19237405
19499273
19278315
24257552
27422827
22910874
21376096
39961898
22758422
26421795
22756569
30026862
40232202
21411076
21790151
23673346
21128075
29255288
39280652
30856115
31111233
44893415
35970319
22930776
41255578
25330653
29440450
25969725
22168693
20887414
90450
20005813
25459979
26428217
29547499
26471986
20924655
23377204
35089032
21361989
30313459
24019406
24194667
36404375
23237008
29268121
24796293
19478140
19052984
23757162
20204279
20053714
23396447
20772494
23433052
20058398
28520078
34925181
20819320
39273662
40499678
21861836
41232655
31149312
34871674
50685341
30883827
21720705
24796632
38757901
44630587
20272131
25091930
21502635
28877191
34963742
19986595
24342883
23674572
299932
23054863
23591066
22219293
20246864
21025937
21284273
31846101
23521729
543185
21962285
21825676
20478419
25030933
53123964
22253113
215723
43156627
21131134
23602481
22559237
19763506
21138200
19446752
19578749
19542194
22875198
24850587
20028048
20642091
21219157
21170960
22875100
22399393
21478822
26523154
28953088
30275826
49649113
24465240
23901351
19454831
25873892
22413405
24178466
22426834
30080382
26784187
22229873
25245585
26144246
59676838
30122255
459835
22143054
38655323
30199581
21293242
23657965
23341092
23005036
24449713
24690495
24348638
28838281
22413330
150500
25921658
19768116
20367477
20926098
19718224
43952756
21945473
38976971
28816837
4648
21888534
40583248
20342971
29245035
19649005
21864882
50859
37169804
23805460
20633073
20919410
21031924
26572284
22890160
28755961
20482331
21788293
23839243
36772950
22730292
21533432
20005260
19618254
30234540
32983272
37359554
21842219
23601034
29568088
35070361
24395834
22451303
26492305
31974645
33979492
39212936
20592948
34625016
19163218
22437345
20318325
30881398
23075609
20115565
23621478
20328228
20504376
382764
25917779
38949523
20747689
19667541
22452489
47657149
19126126
20671002
20177799
22542802
320897
24840733
21641247
20760785
22525593
23695055
25164124
30136614
21265696
19992417
20680557
47466062
25023525
20839902
23428739
29441044
20373375
21675560
220143
22815554
23117553
22143513
22773049
38655310
26063308
23525086
32296729
27375865
27950085
29288607
39530808
39390577
22039773
160153
23362382
26690518
242581
31986906
23637860
41744753
49839082
40019142
25874596
439408
35691224
30123101
22647723
28611471
34183619
35096544
28740644
26702444
23432843
30128019
35368272
22927634
24267380
23589982
19972720
25075353
19845090
26426196
19581877
40332713
39269320
24418495
20034481
46719224
281814
51060135
24877985
20008099
20047951
19314355
27719785
19834410
19751162
606453
30420708
20240468
47429284
24890580
21169117
24418322
31235408
23293091
40574848
27346810
29201785
20362697
44759116
20475628
22391859
40729103
35018026
20356983
19868756
28944487
487859
60249529
40684932
371415
21347575
27141012
22417848
23749479
21429160
20211846
21960532
29535286
25127241
22075287
30207262
19708138
22793414
26061066
19440166
21085085
23065441
20970785
24445518
405005
21020566
453910
19587318
32897797
21565712
20644242
34109843
19920105
20503670
24426490
39935350
22435566
27762807
20383808
30440594
25893425
23499337
20857655
19866971
19566434
19603131
29731348
20612672
51539717
23938560
19347871
469192
47166066
19749012
23129288
20009988
475183
35383635
19965444
108607
22712251
23289738
21297724
20419945
20463247
21720473
22125140
20374982
21214571
28591650
27413972
292368
249127
19031193
20590052
526723
32907780
22305857
41241626
30030087
53395968
22378631
19885861
20633939
21473164
21176255
27816843
33051941
31386681
23148934
39969619
22958593
32279892
19252881
23646027
20758537
20674210
10697
19454508
24802043
23754713
20896817
20159805
26046546
31896512
30385602
21768177
30652006
45713202
26143460
24241324
22738158
21338349
46681283
21328849
19625279
19924815
19034363
20088863
20306992
20432795
20176250
39795937
22917898
30843021
21248826
34955846
21650963
19294348
25532364
19263462
20394100
31610056
49541287
51900503
45220513
21409388
25087117
20337521
21980497
20380202
32833365
22244743
31278770
21170637
21333987
26722483
48120791
21151701
20750390
20248167
52959161
27841735
35778032
40469499
20437211
22219344
25241694
24904851
30285137
36630395
28785052
38632119
20353338
39896997
32257492
25041205
294752
21336597
20313928
21559232
21637985
30880387
23133507
32646404
22531324
36229861
20678728
30045521
34561770
20929755
29210173
29565755
34441643
25160289
24059474
31158195
31181640
19281708
35675351
22983215
39537646
22270374
32191484
21021437
20785861
22528455
21110486
19654719
30575498
34697555
32964591
22763296
20372393
22748207
21969229
25072835
605953
22068636
20250890
21205810
22824390
19319224
22682690
19983972
29493037
40330792
19985425
39567812
29246095
24121895
24401308
35161457
22016323
31119249
32360512
25924570
19385252
40405073
32254703
30073523
90630
20953922
21243114
24737954
273342
29242661
395101
30562900
19800559
40239840
39967483
39833053
22333012
31302198
43189609
27169517
43213277
21297975
20862150
29380128
35317527
25377539
20751146
26733528
19754661
20929635
19658945
30922763
25414366
41689203
27730977
21913810
20938064
44542442
22382278
20389825
21137497
25837904
43184658
37947828
19168076
28325375
20212089
26197540
101837
35675356
21285095
21835557
35376178
27373562
34713407
26304418
31459161
20790823
23714929
20682079
34222082
23521023
19409453
21621886
24285447
25154862
31286045
30415192
27569355
20998007
31200857
36722245
20026406
40631475
23312634
21325463
35311467
23174931
23616491
20932800
28405009
23502794
25348404
25052710
39576275
22476330
19830792
19972158
37869345
23637039
37078210
41985370
32254680
35776218
21131596
23362497
31830362
21510033
19218918
20381288
46709176
27385497
22204071
31835975
19030818
45646634
21704717
513279
22444162
30600805
19851452
250088
29633786
19708311
39289978
23672119
30192505
150552
50667822
39088625
20062727
28932827
32603601
30363384
23069778
20858270
34775357
26396412
25319615
19652784
30032858
16900
22114860
28934823
30470630
19942283
21442344
20460183
23591328
19845808
24256242
20293517
24844701
19895752
19769061
26332684
19910079
32892001
24066790
22361366
30466180
50262857
23297213
40645588
21625518
31338388
51134164
51589108
20438241
30951776
30876528
30812922
20291662
23215594
21707557
24802070
19766243
20265745
51477723
19178107
52456603
24186536
19337464
42834619
21924717
20025847
249386
38317954
21000228
27777098
20597761
20569775
23754745
23899124
19376588
34790922
30574716
24965646
23388809
23661247
51685265
25899056
40570579
36572557
23431093
22488334
29638181
25531185
26701397
35022438
19704858
20070475
24174088
29258283
20205072
29303850
22581417
23795059
31245872
329434
25170618
22318367
308193
24199834
18421
19885239
24573508
23924816
24356499
44403986
35199517
29251639
25966395
27979787
23927160
23036466
23478819
20020815
25345495
20213453
31678510
21705541
20012913
51629856
20385934
21622250
21358214
34353959
20151574
28956772
32947713
35561410
25961073
21089204
24198561
22737600
41717571
22316099
25670215
32499868
6274
139008
19840493
22100459
22811871
52179085
32624841
20955156
35423383
335738
19849796
24750117
31842785
34735093
31726309
24933582
36110708
22051515
20149424
21179282
20284836
20478349
19256166
22055401
34626388
40680114
40730366
23183016
18987687
20341991
24320178
34913370
24237485
25774414
23942537
22822819
29296281
35573214
31051040
54825582
30376543
22368857
51795072
36703935
20513867
22384877
22221046
23435578
41991411
34786995
21660731
26352225
36661893
20088613
28408845
30468243
20258496
22196537
44891250
35051484
51659817
20274395
50593066
21206927
32258492
25779597
266465
32512765
32299933
39010359
19336779
39998420
26406719
21921350
31038483
21540325
24461726
35445654
29731085
465129
28779021
39221253
25232745
32944898
47093473
30762766
42232735
32771255
51570
19986433
31146205
23500912
20594396
20476400
22336077
25748571
35099272
21841318
21514621
190066
427185
21216342
22836121
27891412
31569974
54992498
22756901
23598070
21021969
32464543
30924731
30185159
20234914
32955171
26223243
21950883
23536876
26523837
19470393
32955883
22651362
36757531
20026969
20873959
25689436
21624928
24647659
42703898
42070397
22230542
23752178
33072030
20092007
27283109
22073067
23035122
23343971
25851366
20460545
425214
25085892
19654049
28169234
29308465
35680506
20360175
20767337
27950386
35463974
26076832
20054964
26156440
20265127
41797685
38024883
28915891
25249085
27745837
35360530
25143879
29250800
34423475
22110295
19855612
27741007
25552671
35739600
143001
21862316
21448747
22089754
23913539
19041992
26889198
509442
22834207
19213060
22967354
55898390
21496626
20231982
18984796
46283183
21519605
37935597
21308013
34228670
30722200
30267268
34032671
25762984
21386846
22901037
19355742
47585491
30063622
276956
45375422
21806343
25744903
34470270
30264262
41059617
19914334
19354718
41896855
22061288
24075314
21184094
32455964
19746877
34512893
23370054
24305608
23791726
31415576
39815501
19769030
22824064
24183357
22674005
24777607
23938008
41879487
40600450
21023245
37330206
20848136
19695395
43001335
21586075
30844875
20271895
24848847
23259480
21929655
20168388
23406945
26323742
155515
35592899
30044896
29571212
29553833
35502939
38923056
34841057
25131742
30950878
19578216
20904803
25049192
32763712
34844481
36570960
23159032
19217942
27250941
20659107
28386578
40500500
36535128
24965985
34228761
19516536
21064773
40279914
23813897
37959058
42912619
32630658
171389
29609269
30560519
31916540
32966425
34419492
23681886
19355051
24180141
45380028
22540052
41788876
41189256
31409964
20393443
31369328
34186865
20094283
50936978
34040063
26433777
29653311
21009080
21077311
32167436
415764
20363769
31407559
21153939
35244342
20413054
20589416
34310319
35241943
34736027
19412616
21947588
36070106
29314019
81346
21688568
20638618
24332925
29304603
23515225
31143819
20854867
22239999
56392041
49429660
52640481
29512709
22268402
25325172
28358392
36788015
29771645
21739133
46622142
28699489
20707863
19133268
19979141
38379829
23405563
40920065
23555406
502045
42839642
28916805
25563726
30357569
29474929
23054711
22772552
24588334
41309746
31711676
30873484
24128626
53155460
20889540
22160789
21316528
29513774
49999
23523239
24265797
34166220
22969460
26849061
19410097
43779579
42755127
20971011
24950627
19453563
25563729
27464704
31565257
20634284
25959552
32155277
56634092
20886131
30954644
22411296
30492581
32705008
20988832
32754469
37480768
32901800
24969924
32732007
24633898
31223701
37907720
18983088
29753227
30364908
21132000
42950188
19583659
36031234
53415028
40935304
40280954
303626
50916090
386984
19516048
19391992
20809571
45103677
30070290
22736511
24138030
25819383
24498200
22137399
262698
51810074
20066676
19093142
21420301
40777254
21816633
33360105
24900771
34799374
22467754
37742831
27274019
39769505
19792336
29612797
37926052
23106675
20987662
21876949
22335597
22599837
24568721
27340486
22407640
20015031
23747900
22391373
22412640
19587344
43873947
22863429
38778275
27813920
230001
26666516
19957948
34242781
26133850
32582552
39134163
18991943
40692752
32275875
19914827
21803998
38914295
37679526
38906746
23628376
20573440
19892940
22028628
45112570
40553838
19792367
31310415
510686
29305446
32522097
26162465
19702598
23803753
23685662
29379754
21501720
31981712
34916372
49139164
24353561
27569919
28798136
30960640
31923578
21663226
23469468
27901039
20046481
22564980
40955526
4659
32231360
19691030
19004600
34041841
25380809
32571866
21160926
46791391
30395197
46167252
23158749
244559
22278450
30628599
19963694
34088811
23157954
27800601
19393364
31210512
28388600
44967704
44057879
26348501
31727061
57039159
21837087
51001391
43627003
40944918
56312809
25312589
25951204
22606535
57039187
25929694
21630773
27539678
19139261
27921067
42930192
35400880
26359709
25078223
25742357
22328648
18994120
25236730
41849159
31562167
34312266
26731467
22649445
37426116
20183537
23883065
33421769
439537
22293972
21472722
23388167
21633941
45206090
19548717
38572784
597939
45471842
25158891
39909998
36788491
37868152
25865563
43631024
28942755
24669898
21595887
22248593
21173341
50525968
20022484
25269556
22928825
20022623
22416754
23122451
22587857
33079294
22216508
19987263
29654696
26375313
27019770
32804555
24307976
40268573
22517341
44725225
22099668
29361760
21199604
35356926
46228319
23240098
30294478
46392643
38331129
23988803
21231586
30036948
25914369
32852499
26735317
236557
20617020
44571639
40430345
32874732
26569456
37995638
19505049
20874935
23767030
27303856
26256704
51637805
22723847
22928978
24922572
160961
21623444
24121192
54729923
19727365
24517121
25794673
20658834
19784446
24184540
20282111
47951313
185003
21398691
39909593
24119865
21296850
22814967
35467479
31213574
20701815
21230261
23245123
51533647
25368687
21217376
37334485
35272844
19071067
34411196
20810521
25931282
52389138
20223881
22269217
21036604
47465583
20880133
31307882
23335880
30578190
39049732
47531223
287185
19144748
19208998
39873700
35660340
20801560
29656363
25522190
27763368
32709903
22526699
26176471
22922847
20477945
21379589
29275326
19499627
23914738
23816096
37737799
20155420
32017692
19587923
20120330
23225553
20306034
31430618
38699093
20672686
28792286
23820759
28456638
25784584
21442564
24445962
36801920
19284831
47769088
19917779
32990922
20236971
31159355
22660856
26439814
35775577
34113765
572799
22873184
27229483
46033562
20945989
589208
19381311
22793242
37806670
34549885
20481565
29186352
55447781
22509313
5454
21264794
22141218
19724190
35581071
19693915
34239872
20157388
36050920
40635677
34277638
27382989
20759603
35364124
34503249
51589179
28510367
43649678
30553199
28569762
22139817
21172343
104664
25888568
22100185
29341008
21864445
21098748
31276790
35524532
36787944
24780198
20568284
20093263
31650158
20269736
20920648
30863291
22794202
27340095
27222445
25141320
35333669
24444435
25728903
33340391
28461848
25316027
32730295
19919941
43503665
41322806
39166035
19812834
21777887
20035213
20254295
19490780
24236539
20106791
22312557
24428047
35758570
20615357
53989144
485935
20055217
23561387
26405532
31323995
37967985
20428642
21054819
36911386
21231411
23003174
37521990
32944487
29205855
22391988
25371196
41809274
23012581
32015796
39293912
24907649
30618846
34054241
28922360
34711573
28478147
22146253
24975350
28470095
20733085
32021229
30381396
22684586
21121119
30454660
2457
22528627
21611364
21991
22116409
23313075
23536527
21993835
26442361
28712666
23809430
52407761
19352879
19250104
21890539
30799090
25021335
45921577
6177
22586466
46393819
22816173
23149871
21499503
37339360
22564625
32922256
25734782
44355227
22021379
56401025
31188170
48972066
28672367
37323589
63952
27871173
21373355
37332608
23620979
39941273
22737537
41849325
29279681
20972423
28099598
19508841
21585832
35337123
37126497
38912344
22189126
22863680
23616832
22061682
30835663
34202838
20351044
27923625
108833
47488907
35127863
55289154
38110338
24300509
36847850
410758
31911371
29731570
19381265
25247648
20893945
22448817
21821691
23618506
40563809
37122898
19578083
44343602
26521570
25251714
19235617
20169289
23905041
22179256
21960961
30638637
21378838
44612345
21799384
19753842
45233675
24927595
21355681
44660454
26165051
38350176
51559182
21453277
35464626
35361110
24457468
19315557
27182489
20832441
31460821
26580711
26781986
34830521
19454160
20611698
22405253
28679744
40363917
42775670
27663705
41357572
39599451
22488869
24735319
60329217
59619205
59599210
58110784
56328603
39546203
40304322
54825044
32532990
20180882
56799875
56908566
46188739
23723619
36910238
57519238
22315272
37162522
26822471
23729322
23631077
23137395
23910130
23330769
47941954
21440831
26688908
23286347
23731706
58699605
26433455
40964609
24433195
21906054
19976342
32555434
21806877
20233755
30357235
34163994
23732793
30471079
20989916
30051699
37804561
20984132
31101318
37094707
21790919
20025642
35504790
42882589
28840635
40973396
36781371
23682274
20001945
24283841
38904147
25863796
29244765
23636932
30191756
24477497
38291484
31338630
40440480
1738
19582423
23130370
30079909
21261567
23341954
21351972
19602373
35003787
29712373
39257715
43541101
55709312
42040236
47713795
43501465
24897775
20683252
22689293
28771612
20689390
35999639
23234595
48176944
36189996
28837110
22193318
19745780
34794137
53022469
24325055
